[1,["30423070-72f8-413e-9bf7-f8d841e0b075@d918b","1baf0fc9-befa-459c-8bdd-af1a450a0319","30423070-72f8-413e-9bf7-f8d841e0b075@bb84f","30423070-72f8-413e-9bf7-f8d841e0b075@37b83","30423070-72f8-413e-9bf7-f8d841e0b075@30732","30423070-72f8-413e-9bf7-f8d841e0b075@9635c","30423070-72f8-413e-9bf7-f8d841e0b075@f1394","30423070-72f8-413e-9bf7-f8d841e0b075@476b9","30423070-72f8-413e-9bf7-f8d841e0b075@a4f4d","30423070-72f8-413e-9bf7-f8d841e0b075@75ee4","30423070-72f8-413e-9bf7-f8d841e0b075@cce2c","30423070-72f8-413e-9bf7-f8d841e0b075@fba9c","30423070-72f8-413e-9bf7-f8d841e0b075@a72ab","30423070-72f8-413e-9bf7-f8d841e0b075@b725a","30423070-72f8-413e-9bf7-f8d841e0b075@0b9c0","30423070-72f8-413e-9bf7-f8d841e0b075@2224c","30423070-72f8-413e-9bf7-f8d841e0b075@e4a32","30423070-72f8-413e-9bf7-f8d841e0b075@62756","30423070-72f8-413e-9bf7-f8d841e0b075@aeb3f","30423070-72f8-413e-9bf7-f8d841e0b075@910b4","30423070-72f8-413e-9bf7-f8d841e0b075@7d08b","30423070-72f8-413e-9bf7-f8d841e0b075@05da8","30423070-72f8-413e-9bf7-f8d841e0b075@23673","30423070-72f8-413e-9bf7-f8d841e0b075@90896","30423070-72f8-413e-9bf7-f8d841e0b075@f3ffb","30423070-72f8-413e-9bf7-f8d841e0b075@0a1ef","30423070-72f8-413e-9bf7-f8d841e0b075@b8518","30423070-72f8-413e-9bf7-f8d841e0b075@89a4e","30423070-72f8-413e-9bf7-f8d841e0b075@c47df","30423070-72f8-413e-9bf7-f8d841e0b075@b7107"],["_parent","node","_mesh","_skeleton","mainTexture","_effectAsset","root","normalMap","data"],[["cc.Node",["_name","_children","_prefab","_lrot","_euler","_lpos","_parent","_lscale"],2,2,4,5,5,5,1,5],["cc.Node",["_name","_prefab","_components","_parent","_lrot","_euler","_children","_lpos"],2,4,9,1,5,5,12,5],["cc.Node",["_name","_children","_prefab","_lpos","_lrot","_euler","_parent"],2,9,4,5,5,5,1],["cc.Mesh",["_native","_hash","_struct"],1,11],["cc.Skeleton",["_name","_hash","_joints","_bindposes"],0,12],["cc.Prefab",[],3],["cc.PrefabInfo",["fileId","root","asset"],2,1,1],["cc.SkeletalAnimation",["node","__prefab"],3,1,4],["cc.CompPrefabInfo",["fileId"],2],["cc.SkinnedMeshRenderer",["node","__prefab","_materials","lightmapSettings","_skinningRoot","_mesh","_skeleton"],3,1,4,3,4,1,6,6],["cc.ModelLightmapSettings",[],3],["cc.Material",["_name","_states","_defines","_props"],0,12]],[[6,0,1,2,2],[0,0,6,1,2,5,3,4,2],[1,0,3,1,7,4,5,2],[2,0,6,1,2,3,4,5,2],[8,0,2],[3,0,1,2,3],[4,0,1,2,3,4],[1,0,3,2,1,4,5,2],[9,0,1,2,3,4,5,6,1],[10,1],[11,0,1,2,3,4],[0,0,1,2,5,3,4,2],[0,0,6,1,2,5,3,7,4,2],[5,1],[1,0,6,2,1,2],[0,0,6,1,2,3,4,2],[2,0,1,2,3,4,5,2],[7,0,1,1]],[[[[5,".bin",1921397546,[{"primitives":[{"primitiveMode":7,"jointMapIndex":0,"vertexBundelIndices":[0],"indexView":{"offset":70560,"length":17760,"count":4440,"stride":4}}],"vertexBundles":[{"view":{"offset":0,"length":70560,"count":980,"stride":72},"attributes":[{"name":"a_position","format":32,"isNormalized":false},{"name":"a_normal","format":32,"isNormalized":false},{"name":"a_texCoord","format":21,"isNormalized":false},{"name":"a_tangent","format":44,"isNormalized":false},{"name":"a_joints","format":42,"isNormalized":false},{"name":"a_weights","format":44,"isNormalized":false}]}],"jointMaps":[[0,58,59,60,61,63,64,65,66]]},"minPosition",8,[1,-0.2856948971748352,-0.35911715030670166,-0.0004810809332411736],"maxPosition",8,[1,0.28569987416267395,0.16489429771900177,0.3530866205692291]]],-1],0,0,[],[],[]],[[[6,"Skin-4",1810399624,["Armature/Hips","Armature/Hips/Spine","Armature/Hips/Spine/Spine1","Armature/Hips/Spine/Spine1/Spine2","Armature/Hips/Spine/Spine1/Spine2/Neck","Armature/Hips/Spine/Spine1/Spine2/Neck/Head","Armature/Hips/Spine/Spine1/Spine2/Neck/Head/HeadTop_End","Armature/Hips/Spine/Spine1/Spine2/Neck/Head/LeftEye","Armature/Hips/Spine/Spine1/Spine2/Neck/Head/RightEye","Armature/Hips/Spine/Spine1/Spine2/LeftShoulder","Armature/Hips/Spine/Spine1/Spine2/LeftShoulder/LeftArm","Armature/Hips/Spine/Spine1/Spine2/LeftShoulder/LeftArm/LeftForeArm","Armature/Hips/Spine/Spine1/Spine2/LeftShoulder/LeftArm/LeftForeArm/LeftHand","Armature/Hips/Spine/Spine1/Spine2/LeftShoulder/LeftArm/LeftForeArm/LeftHand/LeftHandThumb1","Armature/Hips/Spine/Spine1/Spine2/LeftShoulder/LeftArm/LeftForeArm/LeftHand/LeftHandThumb1/LeftHandThumb2","Armature/Hips/Spine/Spine1/Spine2/LeftShoulder/LeftArm/LeftForeArm/LeftHand/LeftHandThumb1/LeftHandThumb2/LeftHandThumb3","Armature/Hips/Spine/Spine1/Spine2/LeftShoulder/LeftArm/LeftForeArm/LeftHand/LeftHandThumb1/LeftHandThumb2/LeftHandThumb3/LeftHandThumb4","Armature/Hips/Spine/Spine1/Spine2/LeftShoulder/LeftArm/LeftForeArm/LeftHand/LeftHandIndex1","Armature/Hips/Spine/Spine1/Spine2/LeftShoulder/LeftArm/LeftForeArm/LeftHand/LeftHandIndex1/LeftHandIndex2","Armature/Hips/Spine/Spine1/Spine2/LeftShoulder/LeftArm/LeftForeArm/LeftHand/LeftHandIndex1/LeftHandIndex2/LeftHandIndex3","Armature/Hips/Spine/Spine1/Spine2/LeftShoulder/LeftArm/LeftForeArm/LeftHand/LeftHandIndex1/LeftHandIndex2/LeftHandIndex3/LeftHandIndex4","Armature/Hips/Spine/Spine1/Spine2/LeftShoulder/LeftArm/LeftForeArm/LeftHand/LeftHandMiddle1","Armature/Hips/Spine/Spine1/Spine2/LeftShoulder/LeftArm/LeftForeArm/LeftHand/LeftHandMiddle1/LeftHandMiddle2","Armature/Hips/Spine/Spine1/Spine2/LeftShoulder/LeftArm/LeftForeArm/LeftHand/LeftHandMiddle1/LeftHandMiddle2/LeftHandMiddle3","Armature/Hips/Spine/Spine1/Spine2/LeftShoulder/LeftArm/LeftForeArm/LeftHand/LeftHandMiddle1/LeftHandMiddle2/LeftHandMiddle3/LeftHandMiddle4","Armature/Hips/Spine/Spine1/Spine2/LeftShoulder/LeftArm/LeftForeArm/LeftHand/LeftHandRing1","Armature/Hips/Spine/Spine1/Spine2/LeftShoulder/LeftArm/LeftForeArm/LeftHand/LeftHandRing1/LeftHandRing2","Armature/Hips/Spine/Spine1/Spine2/LeftShoulder/LeftArm/LeftForeArm/LeftHand/LeftHandRing1/LeftHandRing2/LeftHandRing3","Armature/Hips/Spine/Spine1/Spine2/LeftShoulder/LeftArm/LeftForeArm/LeftHand/LeftHandRing1/LeftHandRing2/LeftHandRing3/LeftHandRing4","Armature/Hips/Spine/Spine1/Spine2/LeftShoulder/LeftArm/LeftForeArm/LeftHand/LeftHandPinky1","Armature/Hips/Spine/Spine1/Spine2/LeftShoulder/LeftArm/LeftForeArm/LeftHand/LeftHandPinky1/LeftHandPinky2","Armature/Hips/Spine/Spine1/Spine2/LeftShoulder/LeftArm/LeftForeArm/LeftHand/LeftHandPinky1/LeftHandPinky2/LeftHandPinky3","Armature/Hips/Spine/Spine1/Spine2/LeftShoulder/LeftArm/LeftForeArm/LeftHand/LeftHandPinky1/LeftHandPinky2/LeftHandPinky3/LeftHandPinky4","Armature/Hips/Spine/Spine1/Spine2/RightShoulder","Armature/Hips/Spine/Spine1/Spine2/RightShoulder/RightArm","Armature/Hips/Spine/Spine1/Spine2/RightShoulder/RightArm/RightForeArm","Armature/Hips/Spine/Spine1/Spine2/RightShoulder/RightArm/RightForeArm/RightHand","Armature/Hips/Spine/Spine1/Spine2/RightShoulder/RightArm/RightForeArm/RightHand/RightHandThumb1","Armature/Hips/Spine/Spine1/Spine2/RightShoulder/RightArm/RightForeArm/RightHand/RightHandThumb1/RightHandThumb2","Armature/Hips/Spine/Spine1/Spine2/RightShoulder/RightArm/RightForeArm/RightHand/RightHandThumb1/RightHandThumb2/RightHandThumb3","Armature/Hips/Spine/Spine1/Spine2/RightShoulder/RightArm/RightForeArm/RightHand/RightHandThumb1/RightHandThumb2/RightHandThumb3/RightHandThumb4","Armature/Hips/Spine/Spine1/Spine2/RightShoulder/RightArm/RightForeArm/RightHand/RightHandIndex1","Armature/Hips/Spine/Spine1/Spine2/RightShoulder/RightArm/RightForeArm/RightHand/RightHandIndex1/RightHandIndex2","Armature/Hips/Spine/Spine1/Spine2/RightShoulder/RightArm/RightForeArm/RightHand/RightHandIndex1/RightHandIndex2/RightHandIndex3","Armature/Hips/Spine/Spine1/Spine2/RightShoulder/RightArm/RightForeArm/RightHand/RightHandIndex1/RightHandIndex2/RightHandIndex3/RightHandIndex4","Armature/Hips/Spine/Spine1/Spine2/RightShoulder/RightArm/RightForeArm/RightHand/RightHandMiddle1","Armature/Hips/Spine/Spine1/Spine2/RightShoulder/RightArm/RightForeArm/RightHand/RightHandMiddle1/RightHandMiddle2","Armature/Hips/Spine/Spine1/Spine2/RightShoulder/RightArm/RightForeArm/RightHand/RightHandMiddle1/RightHandMiddle2/RightHandMiddle3","Armature/Hips/Spine/Spine1/Spine2/RightShoulder/RightArm/RightForeArm/RightHand/RightHandMiddle1/RightHandMiddle2/RightHandMiddle3/RightHandMiddle4","Armature/Hips/Spine/Spine1/Spine2/RightShoulder/RightArm/RightForeArm/RightHand/RightHandRing1","Armature/Hips/Spine/Spine1/Spine2/RightShoulder/RightArm/RightForeArm/RightHand/RightHandRing1/RightHandRing2","Armature/Hips/Spine/Spine1/Spine2/RightShoulder/RightArm/RightForeArm/RightHand/RightHandRing1/RightHandRing2/RightHandRing3","Armature/Hips/Spine/Spine1/Spine2/RightShoulder/RightArm/RightForeArm/RightHand/RightHandRing1/RightHandRing2/RightHandRing3/RightHandRing4","Armature/Hips/Spine/Spine1/Spine2/RightShoulder/RightArm/RightForeArm/RightHand/RightHandPinky1","Armature/Hips/Spine/Spine1/Spine2/RightShoulder/RightArm/RightForeArm/RightHand/RightHandPinky1/RightHandPinky2","Armature/Hips/Spine/Spine1/Spine2/RightShoulder/RightArm/RightForeArm/RightHand/RightHandPinky1/RightHandPinky2/RightHandPinky3","Armature/Hips/Spine/Spine1/Spine2/RightShoulder/RightArm/RightForeArm/RightHand/RightHandPinky1/RightHandPinky2/RightHandPinky3/RightHandPinky4","Armature/Hips/LeftUpLeg","Armature/Hips/LeftUpLeg/LeftLeg","Armature/Hips/LeftUpLeg/LeftLeg/LeftFoot","Armature/Hips/LeftUpLeg/LeftLeg/LeftFoot/LeftToeBase","Armature/Hips/LeftUpLeg/LeftLeg/LeftFoot/LeftToeBase/LeftToe_End","Armature/Hips/RightUpLeg","Armature/Hips/RightUpLeg/RightLeg","Armature/Hips/RightUpLeg/RightLeg/RightFoot","Armature/Hips/RightUpLeg/RightLeg/RightFoot/RightToeBase","Armature/Hips/RightUpLeg/RightLeg/RightFoot/RightToeBase/RightToe_End"],[[[7,1,-5.6986770857747615e-9,-0.000052479852456599474,0,-0.00005245238935458474,-0.03245609253644943,-0.9994731545448303,0,-0.0000016975952803477412,0.9994731545448303,-0.03245609253644943,0,0.0000012040451338179992,-1.0189789533615112,0.02305365726351738,1],[7,1,-4.9839396609741016e-8,1.8780806954055151e-7,0,1.9199825374016655e-7,0.10484074056148529,-0.9944890141487122,0,2.9874794194029164e-8,0.9944890737533569,0.1048407331109047,0,-3.028874573374196e-8,-1.1100660562515259,-0.13032495975494385,1],[7,1,-2.640301772771636e-7,2.8271875862628804e-7,0,3.231833716199617e-7,0.16858351230621338,-0.9856875538825989,0,2.125894553728358e-7,0.9856875538825989,0.16858351230621338,0,-2.5826528826655704e-7,-1.229613184928894,-0.2098410427570343,1],[7,1,-4.89610101794824e-7,-1.6023902560391434e-7,0,-1.2312473529618728e-7,0.07488483190536499,-0.9971923828125,0,5.002347052140976e-7,0.9971924424171448,0.0748848244547844,0,-6.422392857530212e-7,-1.3651847839355469,-0.0814710333943367,1],[7,1,-7.067954470585391e-7,2.2818321099293826e-7,0,-1.6151197712588328e-8,-0.3278498649597168,-0.9447299242019653,0,7.425404646710376e-7,0.9447301030158997,-0.327849805355072,0,-0.000001014664462672954,-1.4277360439300537,0.5300164222717285,1],[7,1,1.2150320571890916e-7,-5.128145517119265e-7,0,-5.119235879647022e-7,-0.007222803775221109,-0.9999739527702332,0,-1.2520398229298735e-7,0.9999740719795227,-0.007222802843898535,0,4.0334199979952245e-7,-1.638461709022522,0.004267244599759579,1],[7,1,-4.7651161594330915e-7,1.0069094003029022e-7,0,1.0069130951251282e-7,8.046632160585432e-7,-1.0000001192092896,0,4.76511473834762e-7,1.000000238418579,8.04663272901962e-7,0,-7.037826890154975e-7,-1.8645198345184326,-0.04652507230639458,1],[7,1,3.4326130826656254e-9,-3.7282933362803305e-7,0,-3.728292767846142e-7,-7.478521979464858e-7,-1.0000001192092896,0,-3.4328915266002014e-9,1.000000238418579,-7.478521979464858e-7,0,-0.03211349993944168,-1.7224431037902832,-0.09082016348838806,1],[7,1,3.4326130826656254e-9,-3.7282933362803305e-7,0,-3.728292767846142e-7,-7.478521979464858e-7,-1.0000001192092896,0,-3.4328915266002014e-9,1.000000238418579,-7.478521979464858e-7,0,0.031582921743392944,-1.7223892211914062,-0.09082024544477463,1],[7,-0.009019887074828148,0.999172568321228,-0.0396631695330143,0,0.9963064193725586,0.005592499393969774,-0.08568904548883438,0,-0.08539631217718124,-0.04028956592082977,-0.995532214641571,0,0.09152312576770782,0.013438183814287186,1.5061075687408447,1],[7,-0.06579359620809555,0.504006564617157,-0.8611904382705688,0,0.9966806769371033,0.0746653601527214,-0.032447390258312225,0,0.047947388142347336,-0.8604665994644165,-0.5072460174560547,0,-0.09947891533374786,1.2067310810089111,0.9065102934837341,1],[7,0.21386124193668365,0.5553630590438843,-0.803638756275177,0,0.9327715635299683,-0.3604671359062195,-0.0008790544234216213,0,-0.2901735305786133,-0.7494232654571533,-0.5951167345046997,0,0.2429688572883606,0.7920516729354858,0.9973105192184448,1],[7,0.2580164670944214,0.48827874660491943,-0.8336737751960754,0,0.941437840461731,-0.3209437131881714,0.10339351743459702,0,-0.21707744896411896,-0.8115289807319641,-0.5424927473068237,0,0.14526426792144775,0.637843668460846,0.957811176776886,1],[7,0.39875856041908264,-0.14330588281154633,-0.9057899713516235,0,0.39634546637535095,-0.8637714385986328,0.3111424446105957,0,-0.8269838690757751,-0.4830763339996338,-0.2876375913619995,0,0.7178323864936829,0.5124614834785461,0.7314994931221008,1],[7,0.3077276945114136,-0.0574287548661232,-0.949739933013916,0,0.8018345832824707,-0.5217052102088928,0.2913509011268616,0,-0.5122161507606506,-0.8511908650398254,-0.11449477821588516,0,0.47617897391319275,0.8486997485160828,0.5703088641166687,1],[7,0.26730087399482727,-0.02720850333571434,-0.9632289409637451,0,0.8916085362434387,-0.37215906381607056,0.2579382359981537,0,-0.3654925227165222,-0.92777019739151,-0.07521910220384598,0,0.3573702871799469,0.8999767899513245,0.5327278971672058,1],[7,0.3670903444290161,-0.04739483445882797,-0.9289772510528564,0,0.8642422556877136,-0.351951539516449,0.35946592688560486,0,-0.3439917266368866,-0.9348177909851074,-0.08823737502098083,0,0.28875672817230225,0.8831664323806763,0.5439130067825317,1],[7,0.22240202128887177,0.2925547957420349,-0.9300264716148376,0,0.8965864777565002,-0.43608367443084717,0.07722817361354828,0,-0.38297587633132935,-0.8510247468948364,-0.35928648710250854,0,0.35996225476264954,0.6654922366142273,0.8264122605323792,1],[7,0.2214442491531372,0.099857859313488,-0.9700470566749573,0,0.8748293519020081,-0.4598448574542999,0.15237073600292206,0,-0.4308556020259857,-0.8823671340942383,-0.18918848037719727,0,0.4040406346321106,0.7459267973899841,0.6915808916091919,1],[7,0.07046575099229813,-0.0609595961868763,-0.9956498146057129,0,0.911707878112793,-0.4010656774044037,0.08908047527074814,0,-0.4047512710094452,-0.9140188694000244,0.027315940707921982,0,0.46126407384872437,0.8368227481842041,0.49337443709373474,1],[7,0.18389947712421417,-0.14748485386371613,-0.9718174338340759,0,0.8992709517478943,-0.37392497062683105,0.2269187867641449,0,-0.39685383439064026,-0.9156575202941895,0.06386421620845795,0,0.39474087953567505,0.8522632718086243,0.46775346994400024,1],[7,0.15477551519870758,0.4147646129131317,-0.8966689705848694,0,0.9384095072746277,-0.3455188572406769,0.0021567028015851974,0,-0.3089213967323303,-0.841776430606842,-0.44269680976867676,0,0.2968135178089142,0.6025421023368835,0.8864853978157043,1],[7,0.1614459902048111,0.160179004073143,-0.9737956523895264,0,0.9061683416366577,-0.4148940443992615,0.0819883644580841,0,-0.3908891975879669,-0.8956594467163086,-0.21213208138942719,0,0.36862459778785706,0.7339514493942261,0.7137652039527893,1],[7,0.11962811648845673,-0.22759957611560822,-0.9663787484169006,0,0.9431490898132324,-0.27796798944473267,0.182218998670578,0,-0.3100952208042145,-0.9332377314567566,0.18140751123428345,0,0.3198978304862976,0.9502896666526794,0.35766497254371643,1],[7,0.1634715050458908,-0.27274826169013977,-0.9480958580970764,0,0.9346158504486084,-0.2648770213127136,0.2373470515012741,0,-0.3158647119998932,-0.9249049425125122,0.2116149365901947,0,0.30145367980003357,0.9330779910087585,0.3275764584541321,1],[7,0.11005980521440506,0.3973017632961273,-0.9110643267631531,0,0.9792358875274658,-0.20035217702388763,0.030924534425139427,0,-0.17024733126163483,-0.8955504298210144,-0.4111027717590332,0,0.1591538041830063,0.6761474013328552,0.8611114025115967,1],[7,0.0983794704079628,0.02587071619927883,-0.9948126673698425,0,0.9592922925949097,-0.2683923542499542,0.08788703382015228,0,-0.2647264301776886,-0.9629624485969543,-0.05122186243534088,0,0.2537347078323364,0.8857545256614685,0.5658363103866577,1],[7,0.08680311590433121,-0.052251096814870834,-0.994854211807251,0,0.9593551754951477,-0.264782190322876,0.09761244803667068,0,-0.2685200870037079,-0.9628915190696716,0.027143435552716255,0,0.263180136680603,0.8900696039199829,0.4948432445526123,1],[7,0.0703895166516304,-0.0689673200249672,-0.9951326251029968,0,0.9480160474777222,-0.30574271082878113,0.08824615180492401,0,-0.31034061312675476,-0.9496132135391235,0.043861024081707,0,0.3078305125236511,0.8541062474250793,0.47949808835983276,1],[7,-0.0029656447004526854,0.34980320930480957,-0.9368185997009277,0,0.9999840259552002,-0.0034907208755612373,-0.004469021689146757,0,-0.004833450075238943,-0.9368168115615845,-0.34978723526000977,0,0.028183389455080032,0.7465050220489502,0.8067538142204285,1],[7,-0.37627631425857544,0.1406356394290924,-0.9157717823982239,0,0.9019015431404114,-0.1706824153661728,-0.39678898453712463,0,-0.2121087908744812,-0.9752381443977356,-0.06261573731899261,0,0.4123937487602234,0.8569091558456421,0.5131425261497498,1],[7,-0.39749714732170105,-0.0762028843164444,-0.9144337773323059,0,0.8871783018112183,-0.2864059805870056,-0.36178213357925415,0,-0.2343304604291916,-0.955073356628418,0.18145106732845306,0,0.4435303807258606,0.9228095412254333,0.2855399250984192,1],[7,-0.1976185441017151,-0.3395463526248932,-0.9195948839187622,0,0.9420007467269897,-0.32536375522613525,-0.08229788392782211,0,-0.2712589502334595,-0.8825228810310364,0.38415077328681946,0,0.3778228163719177,0.9624620676040649,0.113374724984169,1],[7,-0.00902056135237217,-0.9991728663444519,0.039651475846767426,0,-0.9963060021400452,0.00559408450499177,-0.08569125086069107,0,0.08539853990077972,-0.040277980268001556,-0.9955325722694397,0,-0.09152646362781525,0.013420521281659603,1.5061075687408447,1],[7,-0.06579487770795822,-0.5040203928947449,0.8611823916435242,0,-0.9966804385185242,0.07466655969619751,-0.032447297126054764,0,-0.04794739559292793,-0.8604585528373718,-0.5072599649429321,0,0.09947898238897324,1.206717610359192,0.9065309166908264,1],[7,0.21386121213436127,-0.5553737878799438,0.8036314845085144,0,-0.9327720999717712,-0.36046552658081055,-0.0008825882687233388,0,0.2901715040206909,-0.7494162321090698,-0.595126748085022,0,-0.2429661750793457,0.7920405268669128,0.9973267316818237,1],[7,0.25801050662994385,-0.4882860481739044,0.8336711525917053,0,-0.9414389729499817,-0.3209422528743744,0.10338564217090607,0,0.21707844734191895,-0.8115251064300537,-0.542497992515564,0,-0.14526686072349548,0.63783860206604,0.9578239321708679,1],[7,0.3987662196159363,0.1432998776435852,0.9057876467704773,0,-0.3963458836078644,-0.8637714982032776,0.31114116311073303,0,0.8269799947738647,-0.4830775260925293,-0.2876465916633606,0,-0.7178264856338501,0.5124646425247192,0.731514573097229,1],[7,0.3077581524848938,0.0574018768966198,0.9497317671775818,0,-0.8018279671669006,-0.5217087864875793,0.2913624942302704,0,0.5122080445289612,-0.8511905074119568,-0.11453370749950409,0,-0.476156085729599,0.8486928343772888,0.5703529119491577,1],[7,0.26729944348335266,0.02719609998166561,0.9632298350334167,0,-0.891610324382782,-0.3721585273742676,0.25793248414993286,0,0.36548882722854614,-0.9277708530426025,-0.07522943615913391,0,-0.3573664128780365,0.8999779224395752,0.5327450037002563,1],[7,0.3670729398727417,0.04739539697766304,0.9289841055870056,0,-0.8642482757568359,-0.3519526720046997,0.3594498634338379,0,0.3439946174621582,-0.9348170757293701,-0.0882309153676033,0,-0.28876614570617676,0.8831722140312195,0.5439148545265198,1],[7,0.22240573167800903,-0.2925678789615631,0.9300215244293213,0,-0.896586000919342,-0.4360845983028412,0.07722572982311249,0,0.38297414779663086,-0.8510197401046753,-0.35929998755455017,0,-0.3599582612514496,0.6654843091964722,0.8264316320419312,1],[7,0.221446692943573,-0.09986754506826401,0.9700454473495483,0,-0.8748273849487305,-0.45984891057014465,0.15236783027648926,0,0.43085765838623047,-0.8823636174201965,-0.18919894099235535,0,-0.4040411412715912,0.7459233999252319,0.6915982365608215,1],[7,0.07048431038856506,0.060935281217098236,0.9956502318382263,0,-0.9117053151130676,-0.40106967091560364,0.08908776938915253,0,0.404753714799881,-0.914018452167511,0.027285907417535782,0,-0.4612576961517334,0.8368162512779236,0.4934113323688507,1],[7,0.18389776349067688,0.14747832715511322,0.9718191027641296,0,-0.8992750644683838,-0.3739176094532013,0.2269141674041748,0,0.39684510231018066,-0.9156613945960999,0.06386098265647888,0,-0.3947347402572632,0.8522717952728271,0.4677647352218628,1],[7,0.15477536618709564,-0.4147754907608032,0.8966639041900635,0,-0.9384087920188904,-0.345520555973053,0.0021515118423849344,0,0.30892327427864075,-0.8417704105377197,-0.44270697236061096,0,-0.29681503772735596,0.6025327444076538,0.8865011930465698,1],[7,0.1614522486925125,-0.1601923555135727,0.9737926721572876,0,-0.9061682820320129,-0.414894163608551,0.08198880404233932,0,0.39088669419288635,-0.8956573009490967,-0.21214677393436432,0,-0.3686192035675049,0.7339469790458679,0.7137861847877502,1],[7,0.11962303519248962,0.22759386897087097,0.9663806557655334,0,-0.9431513547897339,-0.27796468138694763,0.18221156299114227,0,0.31008976697921753,-0.9332401752471924,0.1814044862985611,0,-0.3198956251144409,0.9502968192100525,0.35767436027526855,1],[7,0.16348330676555634,0.27272531390190125,0.9481003880500793,0,-0.934611439704895,-0.2648867070674896,0.23735322058200836,0,0.3158712089061737,-0.9249089360237122,0.2115875780582428,0,-0.30145227909088135,0.9330765604972839,0.32760995626449585,1],[7,0.11006210744380951,-0.39731675386428833,0.9110577702522278,0,-0.9792355298995972,-0.20035351812839508,0.030923357233405113,0,0.1702471822500229,-0.8955435752868652,-0.4111180305480957,0,-0.1591515839099884,0.6761361360549927,0.8611319661140442,1],[7,0.09838977456092834,-0.02589067816734314,0.9948112964630127,0,-0.9592920541763306,-0.26839128136634827,0.08789177983999252,0,0.264723002910614,-0.9629623293876648,-0.051243677735328674,0,-0.2537260055541992,0.8857499957084656,0.5658644437789917,1],[7,0.08679961413145065,0.052239492535591125,0.9948553442955017,0,-0.9593554139137268,-0.2647832930088043,0.09760600328445435,0,0.2685198485851288,-0.9628921747207642,0.027133146300911903,0,-0.2631815969944,0.8900710344314575,0.4948609471321106,1],[7,0.0703708752989769,0.06896942108869553,0.9951337575912476,0,-0.9480184316635132,-0.30573949217796326,0.08822891861200333,0,0.3103366792201996,-0.9496142268180847,0.04386911913752556,0,-0.30783718824386597,0.8541152477264404,0.4794984459877014,1],[7,-0.0029679015278816223,-0.3498092591762543,0.9368163347244263,0,-0.9999839067459106,-0.003490125061944127,-0.00447124196216464,0,0.004833687096834183,-0.936814546585083,-0.34979328513145447,0,-0.028183624148368835,0.7465032935142517,0.806767463684082,1],[7,-0.37627336382865906,-0.14065279066562653,0.9157705307006836,0,-0.90190190076828,-0.1706790328025818,-0.3967895805835724,0,0.21211235225200653,-0.9752362966537476,-0.06263303756713867,0,-0.41239896416664124,0.8569043874740601,0.5131663084030151,1],[7,-0.3974917531013489,0.0761876329779625,0.914437472820282,0,-0.8871790170669556,-0.28640565276145935,-0.36178073287010193,0,0.23433680832386017,-0.9550744891166687,0.1814359724521637,0,-0.44353729486465454,0.9228100776672363,0.2855626940727234,1],[7,-0.19760571420192719,0.3395273983478546,0.919605016708374,0,-0.9420019388198853,-0.32536181807518005,-0.08229157328605652,0,0.27126407623291016,-0.8825308680534363,0.38412895798683167,0,-0.3778233230113983,0.9624691009521484,0.113405242562294,1],[7,-0.9978559613227844,0.06581030040979385,-0.003539265599101782,0,0.004409161861985922,0.013075832277536392,-0.9999073147773743,0,-0.06575972586870193,-0.9977465271949768,-0.013337597250938416,0,0.16253992915153503,1.0159941911697388,0.007098747882992029,1],[7,-0.9982229471206665,0.0600445456802845,0.0023231052327901125,0,0.0034753757063299417,0.09628327190876007,-0.9953504204750061,0,-0.05999067798256874,-0.993541419506073,-0.09631819278001785,0,0.15931108593940735,0.55623459815979,0.05344593524932861,1],[7,-0.9965488314628601,0.01694589853286743,-0.0816207230091095,0,0.032376740127801895,-0.8235841393470764,-0.5662723779678345,0,-0.0768195390701294,-0.5669441223144531,0.8201687335968018,0,0.1599722057580948,0.10350336879491806,-0.06753014028072357,1],[7,-0.99952632188797,0.03145633637905121,-0.004348882474005222,0,-0.031148871406912804,-0.9977987408638,-0.05857984721660614,0,-0.006182193290442228,-0.05841495469212532,0.9982733726501465,0,0.15233950316905975,-0.08299728482961655,-0.04595421999692917,1],[7,-0.018291784450411797,0.04691148176789284,-0.9987624883651733,0,0.022932715713977814,-0.9986178278923035,-0.04732746258378029,0,-0.999569833278656,-0.02376934140920639,0.017191197723150253,0,0.0431707464158535,-0.18591152131557465,0.14846941828727722,1],[7,-0.9978987574577332,-0.0658152624964714,0.003582509234547615,0,-0.004452747292816639,0.013075892813503742,-0.9999109506607056,0,0.06576696783304214,-0.9977462291717529,-0.01334057841449976,0,-0.1625516563653946,1.0159934759140015,0.007105931174010038,1],[7,-0.9982661604881287,-0.060051556676626205,-0.00228210911154747,0,-0.0035171580966562033,0.09628433734178543,-0.9953536987304688,0,0.05999630317091942,-0.9935409426689148,-0.09632207453250885,0,-0.15932059288024902,0.5562337636947632,0.053453367203474045,1],[7,-0.9965901374816895,-0.01690787635743618,0.08164098858833313,0,-0.03242066130042076,-0.8235873579978943,-0.5662693381309509,0,0.0768178328871727,-0.5669448375701904,0.8201713562011719,0,-0.15997867286205292,0.1035093367099762,-0.06752703338861465,1],[7,-0.9995712041854858,-0.03143244981765747,0.004383597988635302,0,0.031124277040362358,-0.9978026151657104,-0.05858029052615166,0,0.006215721368789673,-0.058414652943611145,0.9982731938362122,0,-0.15234985947608948,-0.08299385756254196,-0.04594874754548073,1],[7,-0.018333496525883675,-0.046889398247003555,0.9988069534301758,0,-0.02293115109205246,-0.9986214637756348,-0.04730832576751709,0,0.9995689392089844,-0.023769430816173553,0.01723421923816204,0,-0.04317694529891014,-0.18590885400772095,0.148478165268898,1]],8,8,8,8,8,8,8,8,8,8,8,8,8,8,8,8,8,8,8,8,8,8,8,8,8,8,8,8,8,8,8,8,8,8,8,8,8,8,8,8,8,8,8,8,8,8,8,8,8,8,8,8,8,8,8,8,8,8,8,8,8,8,8,8,8,8,8]]],0,0,[],[],[]],[[[6,"Skin-0",1810399624,["Armature/Hips","Armature/Hips/Spine","Armature/Hips/Spine/Spine1","Armature/Hips/Spine/Spine1/Spine2","Armature/Hips/Spine/Spine1/Spine2/Neck","Armature/Hips/Spine/Spine1/Spine2/Neck/Head","Armature/Hips/Spine/Spine1/Spine2/Neck/Head/HeadTop_End","Armature/Hips/Spine/Spine1/Spine2/Neck/Head/LeftEye","Armature/Hips/Spine/Spine1/Spine2/Neck/Head/RightEye","Armature/Hips/Spine/Spine1/Spine2/LeftShoulder","Armature/Hips/Spine/Spine1/Spine2/LeftShoulder/LeftArm","Armature/Hips/Spine/Spine1/Spine2/LeftShoulder/LeftArm/LeftForeArm","Armature/Hips/Spine/Spine1/Spine2/LeftShoulder/LeftArm/LeftForeArm/LeftHand","Armature/Hips/Spine/Spine1/Spine2/LeftShoulder/LeftArm/LeftForeArm/LeftHand/LeftHandThumb1","Armature/Hips/Spine/Spine1/Spine2/LeftShoulder/LeftArm/LeftForeArm/LeftHand/LeftHandThumb1/LeftHandThumb2","Armature/Hips/Spine/Spine1/Spine2/LeftShoulder/LeftArm/LeftForeArm/LeftHand/LeftHandThumb1/LeftHandThumb2/LeftHandThumb3","Armature/Hips/Spine/Spine1/Spine2/LeftShoulder/LeftArm/LeftForeArm/LeftHand/LeftHandThumb1/LeftHandThumb2/LeftHandThumb3/LeftHandThumb4","Armature/Hips/Spine/Spine1/Spine2/LeftShoulder/LeftArm/LeftForeArm/LeftHand/LeftHandIndex1","Armature/Hips/Spine/Spine1/Spine2/LeftShoulder/LeftArm/LeftForeArm/LeftHand/LeftHandIndex1/LeftHandIndex2","Armature/Hips/Spine/Spine1/Spine2/LeftShoulder/LeftArm/LeftForeArm/LeftHand/LeftHandIndex1/LeftHandIndex2/LeftHandIndex3","Armature/Hips/Spine/Spine1/Spine2/LeftShoulder/LeftArm/LeftForeArm/LeftHand/LeftHandIndex1/LeftHandIndex2/LeftHandIndex3/LeftHandIndex4","Armature/Hips/Spine/Spine1/Spine2/LeftShoulder/LeftArm/LeftForeArm/LeftHand/LeftHandMiddle1","Armature/Hips/Spine/Spine1/Spine2/LeftShoulder/LeftArm/LeftForeArm/LeftHand/LeftHandMiddle1/LeftHandMiddle2","Armature/Hips/Spine/Spine1/Spine2/LeftShoulder/LeftArm/LeftForeArm/LeftHand/LeftHandMiddle1/LeftHandMiddle2/LeftHandMiddle3","Armature/Hips/Spine/Spine1/Spine2/LeftShoulder/LeftArm/LeftForeArm/LeftHand/LeftHandMiddle1/LeftHandMiddle2/LeftHandMiddle3/LeftHandMiddle4","Armature/Hips/Spine/Spine1/Spine2/LeftShoulder/LeftArm/LeftForeArm/LeftHand/LeftHandRing1","Armature/Hips/Spine/Spine1/Spine2/LeftShoulder/LeftArm/LeftForeArm/LeftHand/LeftHandRing1/LeftHandRing2","Armature/Hips/Spine/Spine1/Spine2/LeftShoulder/LeftArm/LeftForeArm/LeftHand/LeftHandRing1/LeftHandRing2/LeftHandRing3","Armature/Hips/Spine/Spine1/Spine2/LeftShoulder/LeftArm/LeftForeArm/LeftHand/LeftHandRing1/LeftHandRing2/LeftHandRing3/LeftHandRing4","Armature/Hips/Spine/Spine1/Spine2/LeftShoulder/LeftArm/LeftForeArm/LeftHand/LeftHandPinky1","Armature/Hips/Spine/Spine1/Spine2/LeftShoulder/LeftArm/LeftForeArm/LeftHand/LeftHandPinky1/LeftHandPinky2","Armature/Hips/Spine/Spine1/Spine2/LeftShoulder/LeftArm/LeftForeArm/LeftHand/LeftHandPinky1/LeftHandPinky2/LeftHandPinky3","Armature/Hips/Spine/Spine1/Spine2/LeftShoulder/LeftArm/LeftForeArm/LeftHand/LeftHandPinky1/LeftHandPinky2/LeftHandPinky3/LeftHandPinky4","Armature/Hips/Spine/Spine1/Spine2/RightShoulder","Armature/Hips/Spine/Spine1/Spine2/RightShoulder/RightArm","Armature/Hips/Spine/Spine1/Spine2/RightShoulder/RightArm/RightForeArm","Armature/Hips/Spine/Spine1/Spine2/RightShoulder/RightArm/RightForeArm/RightHand","Armature/Hips/Spine/Spine1/Spine2/RightShoulder/RightArm/RightForeArm/RightHand/RightHandThumb1","Armature/Hips/Spine/Spine1/Spine2/RightShoulder/RightArm/RightForeArm/RightHand/RightHandThumb1/RightHandThumb2","Armature/Hips/Spine/Spine1/Spine2/RightShoulder/RightArm/RightForeArm/RightHand/RightHandThumb1/RightHandThumb2/RightHandThumb3","Armature/Hips/Spine/Spine1/Spine2/RightShoulder/RightArm/RightForeArm/RightHand/RightHandThumb1/RightHandThumb2/RightHandThumb3/RightHandThumb4","Armature/Hips/Spine/Spine1/Spine2/RightShoulder/RightArm/RightForeArm/RightHand/RightHandIndex1","Armature/Hips/Spine/Spine1/Spine2/RightShoulder/RightArm/RightForeArm/RightHand/RightHandIndex1/RightHandIndex2","Armature/Hips/Spine/Spine1/Spine2/RightShoulder/RightArm/RightForeArm/RightHand/RightHandIndex1/RightHandIndex2/RightHandIndex3","Armature/Hips/Spine/Spine1/Spine2/RightShoulder/RightArm/RightForeArm/RightHand/RightHandIndex1/RightHandIndex2/RightHandIndex3/RightHandIndex4","Armature/Hips/Spine/Spine1/Spine2/RightShoulder/RightArm/RightForeArm/RightHand/RightHandMiddle1","Armature/Hips/Spine/Spine1/Spine2/RightShoulder/RightArm/RightForeArm/RightHand/RightHandMiddle1/RightHandMiddle2","Armature/Hips/Spine/Spine1/Spine2/RightShoulder/RightArm/RightForeArm/RightHand/RightHandMiddle1/RightHandMiddle2/RightHandMiddle3","Armature/Hips/Spine/Spine1/Spine2/RightShoulder/RightArm/RightForeArm/RightHand/RightHandMiddle1/RightHandMiddle2/RightHandMiddle3/RightHandMiddle4","Armature/Hips/Spine/Spine1/Spine2/RightShoulder/RightArm/RightForeArm/RightHand/RightHandRing1","Armature/Hips/Spine/Spine1/Spine2/RightShoulder/RightArm/RightForeArm/RightHand/RightHandRing1/RightHandRing2","Armature/Hips/Spine/Spine1/Spine2/RightShoulder/RightArm/RightForeArm/RightHand/RightHandRing1/RightHandRing2/RightHandRing3","Armature/Hips/Spine/Spine1/Spine2/RightShoulder/RightArm/RightForeArm/RightHand/RightHandRing1/RightHandRing2/RightHandRing3/RightHandRing4","Armature/Hips/Spine/Spine1/Spine2/RightShoulder/RightArm/RightForeArm/RightHand/RightHandPinky1","Armature/Hips/Spine/Spine1/Spine2/RightShoulder/RightArm/RightForeArm/RightHand/RightHandPinky1/RightHandPinky2","Armature/Hips/Spine/Spine1/Spine2/RightShoulder/RightArm/RightForeArm/RightHand/RightHandPinky1/RightHandPinky2/RightHandPinky3","Armature/Hips/Spine/Spine1/Spine2/RightShoulder/RightArm/RightForeArm/RightHand/RightHandPinky1/RightHandPinky2/RightHandPinky3/RightHandPinky4","Armature/Hips/LeftUpLeg","Armature/Hips/LeftUpLeg/LeftLeg","Armature/Hips/LeftUpLeg/LeftLeg/LeftFoot","Armature/Hips/LeftUpLeg/LeftLeg/LeftFoot/LeftToeBase","Armature/Hips/LeftUpLeg/LeftLeg/LeftFoot/LeftToeBase/LeftToe_End","Armature/Hips/RightUpLeg","Armature/Hips/RightUpLeg/RightLeg","Armature/Hips/RightUpLeg/RightLeg/RightFoot","Armature/Hips/RightUpLeg/RightLeg/RightFoot/RightToeBase","Armature/Hips/RightUpLeg/RightLeg/RightFoot/RightToeBase/RightToe_End"],[[[7,1,-5.6986770857747615e-9,-0.000052479852456599474,0,-0.00005245238935458474,-0.03245609253644943,-0.9994731545448303,0,-0.0000016975952803477412,0.9994731545448303,-0.03245609253644943,0,0.0000012040451338179992,-1.0189789533615112,0.02305365726351738,1],[7,1,-4.9839396609741016e-8,1.8780806954055151e-7,0,1.9199825374016655e-7,0.10484074056148529,-0.9944890141487122,0,2.9874794194029164e-8,0.9944890737533569,0.1048407331109047,0,-3.028874573374196e-8,-1.1100660562515259,-0.13032495975494385,1],[7,1,-2.640301772771636e-7,2.8271875862628804e-7,0,3.231833716199617e-7,0.16858351230621338,-0.9856875538825989,0,2.125894553728358e-7,0.9856875538825989,0.16858351230621338,0,-2.5826528826655704e-7,-1.229613184928894,-0.2098410427570343,1],[7,1,-4.89610101794824e-7,-1.6023902560391434e-7,0,-1.2312473529618728e-7,0.07488483190536499,-0.9971923828125,0,5.002347052140976e-7,0.9971924424171448,0.0748848244547844,0,-6.422392857530212e-7,-1.3651847839355469,-0.0814710333943367,1],[7,1,-7.067954470585391e-7,2.2818321099293826e-7,0,-1.6151197712588328e-8,-0.3278498649597168,-0.9447299242019653,0,7.425404646710376e-7,0.9447301030158997,-0.327849805355072,0,-0.000001014664462672954,-1.4277360439300537,0.5300164222717285,1],[7,1,1.2150320571890916e-7,-5.128145517119265e-7,0,-5.119235879647022e-7,-0.007222803775221109,-0.9999739527702332,0,-1.2520398229298735e-7,0.9999740719795227,-0.007222802843898535,0,4.0334199979952245e-7,-1.638461709022522,0.004267244599759579,1],[7,1,-4.7651161594330915e-7,1.0069094003029022e-7,0,1.0069130951251282e-7,8.046632160585432e-7,-1.0000001192092896,0,4.76511473834762e-7,1.000000238418579,8.04663272901962e-7,0,-7.037826890154975e-7,-1.8645198345184326,-0.04652507230639458,1],[7,1,3.4326130826656254e-9,-3.7282933362803305e-7,0,-3.728292767846142e-7,-7.478521979464858e-7,-1.0000001192092896,0,-3.4328915266002014e-9,1.000000238418579,-7.478521979464858e-7,0,-0.03211349993944168,-1.7224431037902832,-0.09082016348838806,1],[7,1,3.4326130826656254e-9,-3.7282933362803305e-7,0,-3.728292767846142e-7,-7.478521979464858e-7,-1.0000001192092896,0,-3.4328915266002014e-9,1.000000238418579,-7.478521979464858e-7,0,0.031582921743392944,-1.7223892211914062,-0.09082024544477463,1],[7,-0.009019887074828148,0.999172568321228,-0.0396631695330143,0,0.9963064193725586,0.005592499393969774,-0.08568904548883438,0,-0.08539631217718124,-0.04028956592082977,-0.995532214641571,0,0.09152312576770782,0.013438183814287186,1.5061075687408447,1],[7,-0.06579359620809555,0.504006564617157,-0.8611904382705688,0,0.9966806769371033,0.0746653601527214,-0.032447390258312225,0,0.047947388142347336,-0.8604665994644165,-0.5072460174560547,0,-0.09947891533374786,1.2067310810089111,0.9065102934837341,1],[7,0.21386124193668365,0.5553630590438843,-0.803638756275177,0,0.9327715635299683,-0.3604671359062195,-0.0008790544234216213,0,-0.2901735305786133,-0.7494232654571533,-0.5951167345046997,0,0.2429688572883606,0.7920516729354858,0.9973105192184448,1],[7,0.2580164670944214,0.48827874660491943,-0.8336737751960754,0,0.941437840461731,-0.3209437131881714,0.10339351743459702,0,-0.21707744896411896,-0.8115289807319641,-0.5424927473068237,0,0.14526426792144775,0.637843668460846,0.957811176776886,1],[7,0.39875856041908264,-0.14330588281154633,-0.9057899713516235,0,0.39634546637535095,-0.8637714385986328,0.3111424446105957,0,-0.8269838690757751,-0.4830763339996338,-0.2876375913619995,0,0.7178323864936829,0.5124614834785461,0.7314994931221008,1],[7,0.3077276945114136,-0.0574287548661232,-0.949739933013916,0,0.8018345832824707,-0.5217052102088928,0.2913509011268616,0,-0.5122161507606506,-0.8511908650398254,-0.11449477821588516,0,0.47617897391319275,0.8486997485160828,0.5703088641166687,1],[7,0.26730087399482727,-0.02720850333571434,-0.9632289409637451,0,0.8916085362434387,-0.37215906381607056,0.2579382359981537,0,-0.3654925227165222,-0.92777019739151,-0.07521910220384598,0,0.3573702871799469,0.8999767899513245,0.5327278971672058,1],[7,0.3670903444290161,-0.04739483445882797,-0.9289772510528564,0,0.8642422556877136,-0.351951539516449,0.35946592688560486,0,-0.3439917266368866,-0.9348177909851074,-0.08823737502098083,0,0.28875672817230225,0.8831664323806763,0.5439130067825317,1],[7,0.22240202128887177,0.2925547957420349,-0.9300264716148376,0,0.8965864777565002,-0.43608367443084717,0.07722817361354828,0,-0.38297587633132935,-0.8510247468948364,-0.35928648710250854,0,0.35996225476264954,0.6654922366142273,0.8264122605323792,1],[7,0.2214442491531372,0.099857859313488,-0.9700470566749573,0,0.8748293519020081,-0.4598448574542999,0.15237073600292206,0,-0.4308556020259857,-0.8823671340942383,-0.18918848037719727,0,0.4040406346321106,0.7459267973899841,0.6915808916091919,1],[7,0.07046575099229813,-0.0609595961868763,-0.9956498146057129,0,0.911707878112793,-0.4010656774044037,0.08908047527074814,0,-0.4047512710094452,-0.9140188694000244,0.027315940707921982,0,0.46126407384872437,0.8368227481842041,0.49337443709373474,1],[7,0.18389947712421417,-0.14748485386371613,-0.9718174338340759,0,0.8992709517478943,-0.37392497062683105,0.2269187867641449,0,-0.39685383439064026,-0.9156575202941895,0.06386421620845795,0,0.39474087953567505,0.8522632718086243,0.46775346994400024,1],[7,0.15477551519870758,0.4147646129131317,-0.8966689705848694,0,0.9384095072746277,-0.3455188572406769,0.0021567028015851974,0,-0.3089213967323303,-0.841776430606842,-0.44269680976867676,0,0.2968135178089142,0.6025421023368835,0.8864853978157043,1],[7,0.1614459902048111,0.160179004073143,-0.9737956523895264,0,0.9061683416366577,-0.4148940443992615,0.0819883644580841,0,-0.3908891975879669,-0.8956594467163086,-0.21213208138942719,0,0.36862459778785706,0.7339514493942261,0.7137652039527893,1],[7,0.11962811648845673,-0.22759957611560822,-0.9663787484169006,0,0.9431490898132324,-0.27796798944473267,0.182218998670578,0,-0.3100952208042145,-0.9332377314567566,0.18140751123428345,0,0.3198978304862976,0.9502896666526794,0.35766497254371643,1],[7,0.1634715050458908,-0.27274826169013977,-0.9480958580970764,0,0.9346158504486084,-0.2648770213127136,0.2373470515012741,0,-0.3158647119998932,-0.9249049425125122,0.2116149365901947,0,0.30145367980003357,0.9330779910087585,0.3275764584541321,1],[7,0.11005980521440506,0.3973017632961273,-0.9110643267631531,0,0.9792358875274658,-0.20035217702388763,0.030924534425139427,0,-0.17024733126163483,-0.8955504298210144,-0.4111027717590332,0,0.1591538041830063,0.6761474013328552,0.8611114025115967,1],[7,0.0983794704079628,0.02587071619927883,-0.9948126673698425,0,0.9592922925949097,-0.2683923542499542,0.08788703382015228,0,-0.2647264301776886,-0.9629624485969543,-0.05122186243534088,0,0.2537347078323364,0.8857545256614685,0.5658363103866577,1],[7,0.08680311590433121,-0.052251096814870834,-0.994854211807251,0,0.9593551754951477,-0.264782190322876,0.09761244803667068,0,-0.2685200870037079,-0.9628915190696716,0.027143435552716255,0,0.263180136680603,0.8900696039199829,0.4948432445526123,1],[7,0.0703895166516304,-0.0689673200249672,-0.9951326251029968,0,0.9480160474777222,-0.30574271082878113,0.08824615180492401,0,-0.31034061312675476,-0.9496132135391235,0.043861024081707,0,0.3078305125236511,0.8541062474250793,0.47949808835983276,1],[7,-0.0029656447004526854,0.34980320930480957,-0.9368185997009277,0,0.9999840259552002,-0.0034907208755612373,-0.004469021689146757,0,-0.004833450075238943,-0.9368168115615845,-0.34978723526000977,0,0.028183389455080032,0.7465050220489502,0.8067538142204285,1],[7,-0.37627631425857544,0.1406356394290924,-0.9157717823982239,0,0.9019015